Theta (rad) // Phi (rad) // Frequency (Hz) // rcs // normalization_term
3.14159 0 1e+06 6.48327e-06 89875.5
3.14159 0 2.33e+06 0.000160457 16555
3.14159 0 3.66e+06 0.000944982 6709.33
3.14159 0 4.99e+06 0.00320485 3609.44
3.14159 0 6.32e+06 0.00811902 2250.13
3.14159 0 7.65e+06 0.0171848 1535.74
3.14159 0 8.98e+06 0.0322298 1114.52
3.14159 0 1.031e+07 0.055461 845.52
3.14159 0 1.164e+07 0.0895435 663.339
3.14159 0 1.297e+07 0.137693 534.271
3.14159 0 1.43e+07 0.203743 439.511
3.14159 0 1.563e+07 0.292157 367.895
3.14159 0 1.696e+07 0.407943 312.457
3.14159 0 1.829e+07 0.556449 268.667
3.14159 0 1.962e+07 0.743056 233.477
3.14159 0 2.095e+07 0.972782 204.773
3.14159 0 2.228e+07 1.24986 181.055
3.14159 0 2.361e+07 1.57736 161.231
3.14159 0 2.494e+07 1.9569 144.494
3.14159 0 2.627e+07 2.38853 130.233
3.14159 0 2.76e+07 2.87073 117.984
3.14159 0 2.893e+07 3.40057 107.385
3.14159 0 3.026e+07 3.97395 98.153
3.14159 0 3.159e+07 4.58574 90.0621
3.14159 0 3.292e+07 5.22988 82.9319
3.14159 0 3.425e+07 5.89925 76.6161
3.14159 0 3.558e+07 6.58546 70.9953
3.14159 0 3.691e+07 7.27845 65.971
3.14159 0 3.824e+07 7.9661 61.4619
3.14159 0 3.957e+07 8.63406 57.3997
3.14159 0 4.09e+07 9.26583 53.7273
3.14159 0 4.223e+07 9.84324 50.3964
3.14159 0 4.356e+07 10.3474 47.3659
3.14159 0 4.489e+07 10.7601 44.6008
3.14159 0 4.622e+07 11.0653 42.0709
3.14159 0 4.755e+07 11.2507 39.7503
3.14159 0 4.888e+07 11.3089 37.6166
3.14159 0 5.021e+07 11.2386 35.6501
3.14159 0 5.154e+07 11.0444 33.8339
3.14159 0 5.287e+07 10.7365 32.1531
3.14159 0 5.42e+07 10.3296 30.5945
3.14159 0 5.553e+07 9.84129 29.1465
3.14159 0 5.686e+07 9.29052 27.7989
3.14159 0 5.819e+07 8.69589 26.5427
3.14159 0 5.952e+07 8.0744 25.3697
3.14159 0 6.085e+07 7.44061 24.2728
3.14159 0 6.218e+07 6.80626 23.2456
3.14159 0 6.351e+07 6.18035 22.2822
3.14159 0 6.484e+07 5.56951 21.3774
3.14159 0 6.617e+07 4.97855 20.5267
3.14159 0 6.75e+07 4.41104 19.7258
3.14159 0 6.883e+07 3.86982 18.9708
3.14159 0 7.016e+07 3.35739 18.2584
3.14159 0 7.149e+07 2.87627 17.5853
3.14159 0 7.282e+07 2.42925 16.9488
3.14159 0 7.415e+07 2.01964 16.3463
3.14159 0 7.548e+07 1.65151 15.7753
3.14159 0 7.681e+07 1.32979 15.2337
3.14159 0 7.814e+07 1.06033 14.7196
3.14159 0 7.947e+07 0.849651 14.231
3.14159 0 8.08e+07 0.704449 13.7663
3.14159 0 8.213e+07 0.630836 13.3241
3.14159 0 8.346e+07 0.633355 12.9028
3.14159 0 8.479e+07 0.713945 12.5012
3.14159 0 8.612e+07 0.87105 12.1181
3.14159 0 8.745e+07 1.09907 11.7523
3.14159 0 8.878e+07 1.38834 11.4028
3.14159 0 9.011e+07 1.72562 11.0687
3.14159 0 9.144e+07 2.09524 10.749
3.14159 0 9.277e+07 2.48054 10.443
3.14159 0 9.41e+07 2.86551 10.1499
3.14159 0 9.543e+07 3.23634 9.86896
3.14159 0 9.676e+07 3.58259 9.59952
3.14159 0 9.809e+07 3.89776 9.34097
3.14159 0 9.942e+07 4.17933 9.09272
3.14159 0 1.0075e+08 4.42807 8.85424
3.14159 0 1.0208e+08 4.64703 8.62502
3.14159 0 1.0341e+08 4.84019 8.40459
3.14159 0 1.0474e+08 5.01111 8.1925
3.14159 0 1.0607e+08 5.16185 7.98833
3.14159 0 1.074e+08 5.29218 7.79171
3.14159 0 1.0873e+08 5.39931 7.60226
3.14159 0 1.1006e+08 5.47806 7.41963
3.14159 0 1.1139e+08 5.5215 7.24351
3.14159 0 1.1272e+08 5.52188 7.07358
3.14159 0 1.1405e+08 5.47181 6.90957
3.14159 0 1.1538e+08 5.36548 6.75119
3.14159 0 1.1671e+08 5.19981 6.5982
3.14159 0 1.1804e+08 4.97533 6.45035
3.14159 0 1.1937e+08 4.69678 6.30741
3.14159 0 1.207e+08 4.37314 6.16917
3.14159 0 1.2203e+08 4.01715 6.03543
3.14159 0 1.2336e+08 3.64433 5.90599
3.14159 0 1.2469e+08 3.27147 5.78067
3.14159 0 1.2602e+08 2.91491 5.6593
3.14159 0 1.2735e+08 2.58876 5.54171
3.14159 0 1.2868e+08 2.30334 5.42774
3.14159 0 1.3001e+08 2.06425 5.31726
3.14159 0 1.3134e+08 1.87205 5.21012
3.14159 0 1.3267e+08 1.72284 5.10618
3.14159 0 1.34e+08 1.60961 5.00532
3.14159 0 1.3533e+08 1.52398 4.90742
3.14159 0 1.3666e+08 1.45831 4.81237
3.14159 0 1.3799e+08 1.40738 4.72005
3.14159 0 1.3932e+08 1.36969 4.63036
3.14159 0 1.4065e+08 1.34776 4.5432
3.14159 0 1.4198e+08 1.3476 4.45848
3.14159 0 1.4331e+08 1.37734 4.37611
3.14159 0 1.4464e+08 1.44535 4.296
3.14159 0 1.4597e+08 1.55815 4.21807
3.14159 0 1.473e+08 1.71866 4.14225
3.14159 0 1.4863e+08 1.92508 4.06845
3.14159 0 1.4996e+08 2.17059 3.9966
3.14159 0 1.5129e+08 2.44398 3.92664
3.14159 0 1.5262e+08 2.73101 3.8585
3.14159 0 1.5395e+08 3.01623 3.79212
3.14159 0 1.5528e+08 3.28499 3.72744
3.14159 0 1.5661e+08 3.52511 3.6644
3.14159 0 1.5794e+08 3.72813 3.60294
3.14159 0 1.5927e+08 3.88983 3.54302
3.14159 0 1.606e+08 4.01009 3.48458
3.14159 0 1.6193e+08 4.09216 3.42757
3.14159 0 1.6326e+08 4.14159 3.37196
3.14159 0 1.6459e+08 4.16495 3.31768
3.14159 0 1.6592e+08 4.1686 3.2647
3.14159 0 1.6725e+08 4.15772 3.21299
3.14159 0 1.6858e+08 4.13565 3.16249
3.14159 0 1.6991e+08 4.10362 3.11317
3.14159 0 1.7124e+08 4.06074 3.065
3.14159 0 1.7257e+08 4.00444 3.01794
3.14159 0 1.739e+08 3.93104 2.97196
3.14159 0 1.7523e+08 3.83656 2.92701
3.14159 0 1.7656e+08 3.71753 2.88308
3.14159 0 1.7789e+08 3.57185 2.84013
3.14159 0 1.7922e+08 3.39943 2.79813
3.14159 0 1.8055e+08 3.20268 2.75706
3.14159 0 1.8188e+08 2.98657 2.71689
3.14159 0 1.8321e+08 2.7584 2.67758
3.14159 0 1.8454e+08 2.52717 2.63913
3.14159 0 1.8587e+08 2.30267 2.60149
3.14159 0 1.872e+08 2.09446 2.56466
3.14159 0 1.8853e+08 1.91087 2.5286
3.14159 0 1.8986e+08 1.75818 2.4933
3.14159 0 1.9119e+08 1.64021 2.45873
3.14159 0 1.9252e+08 1.55822 2.42488
3.14159 0 1.9385e+08 1.51127 2.39172
3.14159 0 1.9518e+08 1.49677 2.35923
3.14159 0 1.9651e+08 1.51118 2.32741
3.14159 0 1.9784e+08 1.55065 2.29622
3.14159 0 1.9917e+08 1.61143 2.26565
3.14159 0 2.005e+08 1.69013 2.2357
3.14159 0 2.0183e+08 1.78365 2.20633
3.14159 0 2.0316e+08 1.88908 2.17753
3.14159 0 2.0449e+08 2.00354 2.1493
3.14159 0 2.0582e+08 2.12413 2.12161
3.14159 0 2.0715e+08 2.24812 2.09446
3.14159 0 2.0848e+08 2.37321 2.06782
3.14159 0 2.0981e+08 2.49788 2.04169
3.14159 0 2.1114e+08 2.62167 2.01605
3.14159 0 2.1247e+08 2.74516 1.99088
3.14159 0 2.138e+08 2.86973 1.96619
3.14159 0 2.1513e+08 2.99682 1.94196
3.14159 0 2.1646e+08 3.12716 1.91817
3.14159 0 2.1779e+08 3.25981 1.89481
3.14159 0 2.1912e+08 3.3915 1.87188
3.14159 0 2.2045e+08 3.51641 1.84936
3.14159 0 2.2178e+08 3.62653 1.82724
3.14159 0 2.2311e+08 3.71257 1.80552
3.14159 0 2.2444e+08 3.76538 1.78419
3.14159 0 2.2577e+08 3.77751 1.76323
3.14159 0 2.271e+08 3.74466 1.74264
3.14159 0 2.2843e+08 3.66665 1.7224
3.14159 0 2.2976e+08 3.54773 1.70252
3.14159 0 2.3109e+08 3.39606 1.68298
3.14159 0 2.3242e+08 3.22264 1.66377
3.14159 0 2.3375e+08 3.03961 1.64489
3.14159 0 2.3508e+08 2.85855 1.62634
3.14159 0 2.3641e+08 2.68894 1.60809
3.14159 0 2.3774e+08 2.53709 1.59015
3.14159 0 2.3907e+08 2.40574 1.5725
3.14159 0 2.404e+08 2.29434 1.55515
3.14159 0 2.4173e+08 2.1998 1.53808
3.14159 0 2.4306e+08 2.11774 1.5213
3.14159 0 2.4439e+08 2.0436 1.50479
3.14159 0 2.4572e+08 1.97384 1.48854
3.14159 0 2.4705e+08 1.90657 1.47256
3.14159 0 2.4838e+08 1.84194 1.45683
3.14159 0 2.4971e+08 1.78198 1.44135
3.14159 0 2.5104e+08 1.73021 1.42612
3.14159 0 2.5237e+08 1.6909 1.41113
3.14159 0 2.537e+08 1.66837 1.39637
3.14159 0 2.5503e+08 1.66616 1.38184
3.14159 0 2.5636e+08 1.68649 1.36754
3.14159 0 2.5769e+08 1.72984 1.35346
3.14159 0 2.5902e+08 1.79481 1.3396
3.14159 0 2.6035e+08 1.87831 1.32595
3.14159 0 2.6168e+08 1.97596 1.3125
3.14159 0 2.6301e+08 2.0828 1.29926
3.14159 0 2.6434e+08 2.19407 1.28622
3.14159 0 2.6567e+08 2.306 1.27338
3.14159 0 2.67e+08 2.41637 1.26072
3.14159 0 2.6833e+08 2.52487 1.24825
3.14159 0 2.6966e+08 2.63279 1.23597
3.14159 0 2.7099e+08 2.74239 1.22387
3.14159 0 2.7232e+08 2.85581 1.21194
3.14159 0 2.7365e+08 2.97381 1.20019
3.14159 0 2.7498e+08 3.09462 1.18861
3.14159 0 2.7631e+08 3.21322 1.17719
3.14159 0 2.7764e+08 3.32138 1.16594
3.14159 0 2.7897e+08 3.4084 1.15485
3.14159 0 2.803e+08 3.46284 1.14392
3.14159 0 2.8163e+08 3.47456 1.13314
3.14159 0 2.8296e+08 3.43702 1.12251
3.14159 0 2.8429e+08 3.34912 1.11203
3.14159 0 2.8562e+08 3.2162 1.1017
3.14159 0 2.8695e+08 3.04987 1.09151
3.14159 0 2.8828e+08 2.8666 1.08146
3.14159 0 2.8961e+08 2.6853 1.07155
3.14159 0 2.9094e+08 2.52424 1.06178
3.14159 0 2.9227e+08 2.39801 1.05214
3.14159 0 2.936e+08 2.31506 1.04263
3.14159 0 2.9493e+08 2.2764 1.03325
3.14159 0 2.9626e+08 2.27563 1.02399
3.14159 0 2.9759e+08 2.30034 1.01486
3.14159 0 2.9892e+08 2.33464 1.00585
3.14159 0 3.0025e+08 2.36211 0.996955
3.14159 0 3.0158e+08 2.36881 0.988181
3.14159 0 3.0291e+08 2.34559 0.979522
3.14159 0 3.0424e+08 2.28942 0.970977
3.14159 0 3.0557e+08 2.20351 0.962543
3.14159 0 3.069e+08 2.09636 0.954218
3.14159 0 3.0823e+08 1.97997 0.946001
3.14159 0 3.0956e+08 1.86774 0.93789
3.14159 0 3.1089e+08 1.77238 0.929882
3.14159 0 3.1222e+08 1.7042 0.921977
3.14159 0 3.1355e+08 1.67014 0.914172
3.14159 0 3.1488e+08 1.67332 0.906465
3.14159 0 3.1621e+08 1.71335 0.898856
3.14159 0 3.1754e+08 1.7869 0.891342
3.14159 0 3.1887e+08 1.88854 0.883922
3.14159 0 3.202e+08 2.01162 0.876595
3.14159 0 3.2153e+08 2.14895 0.869357
3.14159 0 3.2286e+08 2.29341 0.86221
3.14159 0 3.2419e+08 2.43827 0.85515
3.14159 0 3.2552e+08 2.57743 0.848176
3.14159 0 3.2685e+08 2.70551 0.841287
3.14159 0 3.2818e+08 2.81787 0.834482
3.14159 0 3.2951e+08 2.91057 0.82776
3.14159 0 3.3084e+08 2.98036 0.821118
3.14159 0 3.3217e+08 3.02465 0.814555
3.14159 0 3.335e+08 3.04161 0.808071
3.14159 0 3.3483e+08 3.03041 0.801665
3.14159 0 3.3616e+08 2.99148 0.795334
3.14159 0 3.3749e+08 2.92702 0.789077
3.14159 0 3.3882e+08 2.84132 0.782895
3.14159 0 3.4015e+08 2.74101 0.776784
3.14159 0 3.4148e+08 2.63483 0.770745
3.14159 0 3.4281e+08 2.533 0.764776
3.14159 0 3.4414e+08 2.44594 0.758876
3.14159 0 3.4547e+08 2.38266 0.753045
3.14159 0 3.468e+08 2.34888 0.74728
3.14159 0 3.4813e+08 2.34548 0.741581
3.14159 0 3.4946e+08 2.36751 0.735947
3.14159 0 3.5079e+08 2.4043 0.730377
3.14159 0 3.5212e+08 2.44069 0.72487
3.14159 0 3.5345e+08 2.45949 0.719425
3.14159 0 3.5478e+08 2.44465 0.714041
3.14159 0 3.5611e+08 2.38461 0.708717
3.14159 0 3.5744e+08 2.27515 0.703453
3.14159 0 3.5877e+08 2.12105 0.698247
3.14159 0 3.601e+08 1.93603 0.693099
3.14159 0 3.6143e+08 1.74093 0.688007
3.14159 0 3.6276e+08 1.56037 0.682972
3.14159 0 3.6409e+08 1.4185 0.677991
3.14159 0 3.6542e+08 1.33468 0.673065
3.14159 0 3.6675e+08 1.31997 0.668192
3.14159 0 3.6808e+08 1.37521 0.663372
3.14159 0 3.6941e+08 1.49102 0.658604
3.14159 0 3.7074e+08 1.64971 0.653887
3.14159 0 3.7207e+08 1.82874 0.64922
3.14159 0 3.734e+08 2.00481 0.644604
3.14159 0 3.7473e+08 2.1579 0.640036
3.14159 0 3.7606e+08 2.27435 0.635517
3.14159 0 3.7739e+08 2.34836 0.631045
3.14159 0 3.7872e+08 2.38188 0.626621
3.14159 0 3.8005e+08 2.38297 0.622243
3.14159 0 3.8138e+08 2.36315 0.617911
3.14159 0 3.8271e+08 2.33446 0.613623
3.14159 0 3.8404e+08 2.30685 0.60938
3.14159 0 3.8537e+08 2.28649 0.605181
3.14159 0 3.867e+08 2.27526 0.601026
3.14159 0 3.8803e+08 2.27131 0.596913
3.14159 0 3.8936e+08 2.27053 0.592842
3.14159 0 3.9069e+08 2.2684 0.588812
3.14159 0 3.9202e+08 2.2617 0.584824
3.14159 0 3.9335e+08 2.24982 0.580876
3.14159 0 3.9468e+08 2.23514 0.576967
3.14159 0 3.9601e+08 2.22267 0.573098
3.14159 0 3.9734e+08 2.21884 0.569268
3.14159 0 3.9867e+08 2.22992 0.565476
3.14159 0 4e+08 2.26018 0.561722
