Theta (rad) // Phi (rad) // Frequency (Hz) // rcs // normalization_term
3.14159 0 1e+06 6.28308e-06 89875.5
3.14159 0 2.33e+06 0.000150644 16555
3.14159 0 3.66e+06 0.000884121 6709.33
3.14159 0 4.99e+06 0.00300091 3609.44
3.14159 0 6.32e+06 0.00761856 2250.13
3.14159 0 7.65e+06 0.0161658 1535.74
3.14159 0 8.98e+06 0.0303898 1114.52
3.14159 0 1.031e+07 0.0523915 845.52
3.14159 0 1.164e+07 0.084686 663.339
3.14159 0 1.297e+07 0.130277 534.271
3.14159 0 1.43e+07 0.192721 439.511
3.14159 0 1.563e+07 0.276149 367.895
3.14159 0 1.696e+07 0.385216 312.457
3.14159 0 1.829e+07 0.524953 268.667
3.14159 0 1.962e+07 0.700506 233.477
3.14159 0 2.095e+07 0.916802 204.773
3.14159 0 2.228e+07 1.17814 181.055
3.14159 0 2.361e+07 1.48783 161.231
3.14159 0 2.494e+07 1.84785 144.494
3.14159 0 2.627e+07 2.25864 130.233
3.14159 0 2.76e+07 2.71912 117.984
3.14159 0 2.893e+07 3.22673 107.385
3.14159 0 3.026e+07 3.77761 98.153
3.14159 0 3.159e+07 4.3669 90.0621
3.14159 0 3.292e+07 4.98875 82.9319
3.14159 0 3.425e+07 5.63643 76.6161
3.14159 0 3.558e+07 6.30213 70.9953
3.14159 0 3.691e+07 6.97662 65.971
3.14159 0 3.824e+07 7.64894 61.4619
3.14159 0 3.957e+07 8.30612 57.3997
3.14159 0 4.09e+07 8.9331 53.7273
3.14159 0 4.223e+07 9.51307 50.3964
3.14159 0 4.356e+07 10.0282 47.3659
3.14159 0 4.489e+07 10.4607 44.6008
3.14159 0 4.622e+07 10.7945 42.0709
3.14159 0 4.755e+07 11.0162 39.7503
3.14159 0 4.888e+07 11.1172 37.6166
3.14159 0 5.021e+07 11.0939 35.6501
3.14159 0 5.154e+07 10.9488 33.8339
3.14159 0 5.287e+07 10.6897 32.1531
3.14159 0 5.42e+07 10.3292 30.5945
3.14159 0 5.553e+07 9.88323 29.1465
3.14159 0 5.686e+07 9.36968 27.7989
3.14159 0 5.819e+07 8.80653 26.5427
3.14159 0 5.952e+07 8.21076 25.3697
3.14159 0 6.085e+07 7.59728 24.2728
3.14159 0 6.218e+07 6.97849 23.2456
3.14159 0 6.351e+07 6.36415 22.2822
3.14159 0 6.484e+07 5.76165 21.3774
3.14159 0 6.617e+07 5.17646 20.5267
3.14159 0 6.75e+07 4.61259 19.7258
3.14159 0 6.883e+07 4.07307 18.9708
3.14159 0 7.016e+07 3.56034 18.2584
3.14159 0 7.149e+07 3.0766 17.5853
3.14159 0 7.282e+07 2.62407 16.9488
3.14159 0 7.415e+07 2.20533 16.3463
3.14159 0 7.548e+07 1.8236 15.7753
3.14159 0 7.681e+07 1.48303 15.2337
3.14159 0 7.814e+07 1.18885 14.7196
3.14159 0 7.947e+07 0.947289 14.231
3.14159 0 8.08e+07 0.765209 13.7663
3.14159 0 8.213e+07 0.649426 13.3241
3.14159 0 8.346e+07 0.605754 12.9028
3.14159 0 8.479e+07 0.63791 12.5012
3.14159 0 8.612e+07 0.746484 12.1181
3.14159 0 8.745e+07 0.928191 11.7523
3.14159 0 8.878e+07 1.17558 11.4028
3.14159 0 9.011e+07 1.47734 11.0687
3.14159 0 9.144e+07 1.81916 10.749
3.14159 0 9.277e+07 2.18508 10.443
3.14159 0 9.41e+07 2.55908 10.1499
3.14159 0 9.543e+07 2.92669 9.86896
3.14159 0 9.676e+07 3.27627 9.59952
3.14159 0 9.809e+07 3.59983 9.34097
3.14159 0 9.942e+07 3.8933 9.09272
3.14159 0 1.0075e+08 4.15605 8.85424
3.14159 0 1.0208e+08 4.39013 8.62502
3.14159 0 1.0341e+08 4.599 8.40459
3.14159 0 1.0474e+08 4.78626 8.1925
3.14159 0 1.0607e+08 4.95452 7.98833
3.14159 0 1.074e+08 5.10449 7.79171
3.14159 0 1.0873e+08 5.23449 7.60226
3.14159 0 1.1006e+08 5.34045 7.41963
3.14159 0 1.1139e+08 5.41623 7.24351
3.14159 0 1.1272e+08 5.45437 7.07358
3.14159 0 1.1405e+08 5.44709 6.90957
3.14159 0 1.1538e+08 5.38743 6.75119
3.14159 0 1.1671e+08 5.27043 6.5982
3.14159 0 1.1804e+08 5.09416 6.45035
3.14159 0 1.1937e+08 4.86053 6.30741
3.14159 0 1.207e+08 4.57569 6.16917
3.14159 0 1.2203e+08 4.24988 6.03543
3.14159 0 1.2336e+08 3.89681 5.90599
3.14159 0 1.2469e+08 3.53238 5.78067
3.14159 0 1.2602e+08 3.17309 5.6593
3.14159 0 1.2735e+08 2.83427 5.54171
3.14159 0 1.2868e+08 2.5283 5.42774
3.14159 0 1.3001e+08 2.26335 5.31726
3.14159 0 1.3134e+08 2.04272 5.21012
3.14159 0 1.3267e+08 1.86494 5.10618
3.14159 0 1.34e+08 1.72474 5.00532
3.14159 0 1.3533e+08 1.61467 4.90742
3.14159 0 1.3666e+08 1.52696 4.81237
3.14159 0 1.3799e+08 1.45547 4.72005
3.14159 0 1.3932e+08 1.39713 4.63036
3.14159 0 1.4065e+08 1.35269 4.5432
3.14159 0 1.4198e+08 1.32659 4.45848
3.14159 0 1.4331e+08 1.32596 4.37611
3.14159 0 1.4464e+08 1.359 4.296
3.14159 0 1.4597e+08 1.4331 4.21807
3.14159 0 1.473e+08 1.55302 4.14225
3.14159 0 1.4863e+08 1.71958 4.06845
3.14159 0 1.4996e+08 1.92902 3.9966
3.14159 0 1.5129e+08 2.17323 3.92664
3.14159 0 1.5262e+08 2.44068 3.8585
3.14159 0 1.5395e+08 2.71792 3.79212
3.14159 0 1.5528e+08 2.9912 3.72744
3.14159 0 1.5661e+08 3.24812 3.6644
3.14159 0 1.5794e+08 3.47882 3.60294
3.14159 0 1.5927e+08 3.67669 3.54302
3.14159 0 1.606e+08 3.83859 3.48458
3.14159 0 1.6193e+08 3.96448 3.42757
3.14159 0 1.6326e+08 4.05676 3.37196
3.14159 0 1.6459e+08 4.11943 3.31768
3.14159 0 1.6592e+08 4.15718 3.2647
3.14159 0 1.6725e+08 4.1746 3.21299
3.14159 0 1.6858e+08 4.17555 3.16249
3.14159 0 1.6991e+08 4.16264 3.11317
3.14159 0 1.7124e+08 4.13704 3.065
3.14159 0 1.7257e+08 4.09841 3.01794
3.14159 0 1.739e+08 4.04502 2.97196
3.14159 0 1.7523e+08 3.97416 2.92701
3.14159 0 1.7656e+08 3.88264 2.88308
3.14159 0 1.7789e+08 3.76751 2.84013
3.14159 0 1.7922e+08 3.62679 2.79813
3.14159 0 1.8055e+08 3.46017 2.75706
3.14159 0 1.8188e+08 3.26951 2.71689
3.14159 0 1.8321e+08 3.05906 2.67758
3.14159 0 1.8454e+08 2.83533 2.63913
3.14159 0 1.8587e+08 2.60654 2.60149
3.14159 0 1.872e+08 2.3818 2.56466
3.14159 0 1.8853e+08 2.17023 2.5286
3.14159 0 1.8986e+08 1.97995 2.4933
3.14159 0 1.9119e+08 1.81739 2.45873
3.14159 0 1.9252e+08 1.68685 2.42488
3.14159 0 1.9385e+08 1.59043 2.39172
3.14159 0 1.9518e+08 1.52828 2.35923
3.14159 0 1.9651e+08 1.49901 2.32741
3.14159 0 1.9784e+08 1.50015 2.29622
3.14159 0 1.9917e+08 1.52864 2.26565
3.14159 0 2.005e+08 1.58103 2.2357
3.14159 0 2.0183e+08 1.65366 2.20633
3.14159 0 2.0316e+08 1.74264 2.17753
3.14159 0 2.0449e+08 1.844 2.1493
3.14159 0 2.0582e+08 1.95375 2.12161
3.14159 0 2.0715e+08 2.06828 2.09446
3.14159 0 2.0848e+08 2.18474 2.06782
3.14159 0 2.0981e+08 2.30155 2.04169
3.14159 0 2.1114e+08 2.41865 2.01605
3.14159 0 2.1247e+08 2.53761 1.99088
3.14159 0 2.138e+08 2.66113 1.96619
3.14159 0 2.1513e+08 2.79234 1.94196
3.14159 0 2.1646e+08 2.93361 1.91817
3.14159 0 2.1779e+08 3.08544 1.89481
3.14159 0 2.1912e+08 3.24548 1.87188
3.14159 0 2.2045e+08 3.40801 1.84936
3.14159 0 2.2178e+08 3.56424 1.82724
3.14159 0 2.2311e+08 3.70313 1.80552
3.14159 0 2.2444e+08 3.81299 1.78419
3.14159 0 2.2577e+08 3.88331 1.76323
3.14159 0 2.271e+08 3.90658 1.74264
3.14159 0 2.2843e+08 3.87966 1.7224
3.14159 0 2.2976e+08 3.80445 1.70252
3.14159 0 2.3109e+08 3.68771 1.68298
3.14159 0 2.3242e+08 3.54001 1.66377
3.14159 0 2.3375e+08 3.37405 1.64489
3.14159 0 2.3508e+08 3.20272 1.62634
3.14159 0 2.3641e+08 3.03723 1.60809
3.14159 0 2.3774e+08 2.88572 1.59015
3.14159 0 2.3907e+08 2.75247 1.5725
3.14159 0 2.404e+08 2.63794 1.55515
3.14159 0 2.4173e+08 2.53942 1.53808
3.14159 0 2.4306e+08 2.45215 1.5213
3.14159 0 2.4439e+08 2.37073 1.50479
3.14159 0 2.4572e+08 2.29037 1.48854
3.14159 0 2.4705e+08 2.20788 1.47256
3.14159 0 2.4838e+08 2.1223 1.45683
3.14159 0 2.4971e+08 2.03501 1.44135
3.14159 0 2.5104e+08 1.94947 1.42612
3.14159 0 2.5237e+08 1.87061 1.41113
3.14159 0 2.537e+08 1.80408 1.39637
3.14159 0 2.5503e+08 1.75537 1.38184
3.14159 0 2.5636e+08 1.72903 1.36754
3.14159 0 2.5769e+08 1.728 1.35346
3.14159 0 2.5902e+08 1.75318 1.3396
3.14159 0 2.6035e+08 1.80327 1.32595
3.14159 0 2.6168e+08 1.87502 1.3125
3.14159 0 2.6301e+08 1.96365 1.29926
3.14159 0 2.6434e+08 2.06375 1.28622
3.14159 0 2.6567e+08 2.17011 1.27338
3.14159 0 2.67e+08 2.27872 1.26072
3.14159 0 2.6833e+08 2.38734 1.24825
3.14159 0 2.6966e+08 2.49581 1.23597
3.14159 0 2.7099e+08 2.60573 1.22387
3.14159 0 2.7232e+08 2.71961 1.21194
3.14159 0 2.7365e+08 2.83967 1.20019
3.14159 0 2.7498e+08 2.96644 1.18861
3.14159 0 2.7631e+08 3.09768 1.17719
3.14159 0 2.7764e+08 3.22769 1.16594
3.14159 0 2.7897e+08 3.34763 1.15485
3.14159 0 2.803e+08 3.44651 1.14392
3.14159 0 2.8163e+08 3.51305 1.13314
3.14159 0 2.8296e+08 3.53793 1.12251
3.14159 0 2.8429e+08 3.51586 1.11203
3.14159 0 2.8562e+08 3.44723 1.1017
3.14159 0 2.8695e+08 3.33862 1.09151
3.14159 0 2.8828e+08 3.20216 1.08146
3.14159 0 2.8961e+08 3.05379 1.07155
3.14159 0 2.9094e+08 2.91058 1.06178
3.14159 0 2.9227e+08 2.78778 1.05214
3.14159 0 2.936e+08 2.6962 1.04263
3.14159 0 2.9493e+08 2.64035 1.03325
3.14159 0 2.9626e+08 2.61788 1.02399
3.14159 0 2.9759e+08 2.6203 1.01486
3.14159 0 2.9892e+08 2.63486 1.00585
3.14159 0 3.0025e+08 2.64712 0.996955
3.14159 0 3.0158e+08 2.64373 0.988181
3.14159 0 3.0291e+08 2.61485 0.979522
3.14159 0 3.0424e+08 2.55564 0.970977
3.14159 0 3.0557e+08 2.46683 0.962543
3.14159 0 3.069e+08 2.35412 0.954218
3.14159 0 3.0823e+08 2.22691 0.946001
3.14159 0 3.0956e+08 2.09648 0.93789
3.14159 0 3.1089e+08 1.97418 0.929882
3.14159 0 3.1222e+08 1.86991 0.921977
3.14159 0 3.1355e+08 1.79117 0.914172
3.14159 0 3.1488e+08 1.74262 0.906465
3.14159 0 3.1621e+08 1.7262 0.898856
3.14159 0 3.1754e+08 1.74158 0.891342
3.14159 0 3.1887e+08 1.78669 0.883922
3.14159 0 3.202e+08 1.85831 0.876595
3.14159 0 3.2153e+08 1.9525 0.869357
3.14159 0 3.2286e+08 2.06481 0.86221
3.14159 0 3.2419e+08 2.19045 0.85515
3.14159 0 3.2552e+08 2.32436 0.848176
3.14159 0 3.2685e+08 2.46122 0.841287
3.14159 0 3.2818e+08 2.59551 0.834482
3.14159 0 3.2951e+08 2.72168 0.82776
3.14159 0 3.3084e+08 2.83419 0.821118
3.14159 0 3.3217e+08 2.92781 0.814555
3.14159 0 3.335e+08 2.99787 0.808071
3.14159 0 3.3483e+08 3.04058 0.801665
3.14159 0 3.3616e+08 3.05358 0.795334
3.14159 0 3.3749e+08 3.03646 0.789077
3.14159 0 3.3882e+08 2.99128 0.782895
3.14159 0 3.4015e+08 2.923 0.776784
3.14159 0 3.4148e+08 2.83941 0.770745
3.14159 0 3.4281e+08 2.75074 0.764776
3.14159 0 3.4414e+08 2.66847 0.758876
3.14159 0 3.4547e+08 2.60371 0.753045
3.14159 0 3.468e+08 2.56521 0.74728
3.14159 0 3.4813e+08 2.55733 0.741581
3.14159 0 3.4946e+08 2.57863 0.735947
3.14159 0 3.5079e+08 2.62123 0.730377
3.14159 0 3.5212e+08 2.67155 0.72487
3.14159 0 3.5345e+08 2.71225 0.719425
3.14159 0 3.5478e+08 2.7252 0.714041
3.14159 0 3.5611e+08 2.6951 0.708717
3.14159 0 3.5744e+08 2.61279 0.703453
3.14159 0 3.5877e+08 2.47773 0.698247
3.14159 0 3.601e+08 2.29886 0.693099
3.14159 0 3.6143e+08 2.09372 0.688007
3.14159 0 3.6276e+08 1.88574 0.682972
3.14159 0 3.6409e+08 1.70026 0.677991
3.14159 0 3.6542e+08 1.56011 0.673065
3.14159 0 3.6675e+08 1.48153 0.668192
3.14159 0 3.6808e+08 1.47141 0.663372
3.14159 0 3.6941e+08 1.52631 0.658604
3.14159 0 3.7074e+08 1.63351 0.653887
3.14159 0 3.7207e+08 1.77373 0.64922
3.14159 0 3.734e+08 1.92499 0.644604
3.14159 0 3.7473e+08 2.06664 0.640036
3.14159 0 3.7606e+08 2.18287 0.635517
3.14159 0 3.7739e+08 2.26481 0.631045
3.14159 0 3.7872e+08 2.31114 0.626621
3.14159 0 3.8005e+08 2.32703 0.622243
3.14159 0 3.8138e+08 2.32192 0.617911
3.14159 0 3.8271e+08 2.30677 0.613623
3.14159 0 3.8404e+08 2.29143 0.60938
3.14159 0 3.8537e+08 2.28264 0.605181
3.14159 0 3.867e+08 2.28317 0.601026
3.14159 0 3.8803e+08 2.29206 0.596913
3.14159 0 3.8936e+08 2.30573 0.592842
3.14159 0 3.9069e+08 2.31971 0.588812
3.14159 0 3.9202e+08 2.33031 0.584824
3.14159 0 3.9335e+08 2.33605 0.580876
3.14159 0 3.9468e+08 2.3383 0.576967
3.14159 0 3.9601e+08 2.34116 0.573098
3.14159 0 3.9734e+08 2.35064 0.569268
3.14159 0 3.9867e+08 2.37318 0.565476
3.14159 0 4e+08 2.41398 0.561722
